"donor","supplier","supplier_uri","via","currency","non_gbp_value","value","fee","cash","cash_balance","date","description","unspsc_code","transaction_reference","ec_category","ec_accounting_category"
"Paul Robinson","Waverley District Council","http://opendatacommunities.org/doc/district-council/waverley",,"GBP",,-500,0,0,0,"2015-03-30","Election deposit",,,,"campaigning costs"
"James Smith",,,"Crowdfunder","GBP",,50,0,50,50,"2015-04-12","Donation",,,,"donation"
"Paul Robinson",,,"Crowdfunder","GBP",,50,0,50,100,"2015-04-12","Donation",,,,"donation"
"Philip Peter",,,"Crowdfunder","GBP",,50,0,50,150,"2015-04-12","Donation",,,,"donation"
,,,"Crowdfunder","GBP",,20,0,20,170,"2015-04-13","Donation",,,,"donation"
"Paul Robinson","Enterprise Rent a Car","https://opencorporates.com/companies/gb/02946689",,"GBP",,-36.24,0,0,170,"2015-04-16","Van hire",78111808,,"B","campaigning costs"
,,,"Crowdfunder","GBP",,30,0,30,200,"2015-04-17","Donation",,,,"donation"
"Anne Taylor",,,"Crowdfunder","GBP",,100,0,100,300,"2015-04-17","Donation",,,,"donation"
,,,"Crowdfunder","GBP",,30,0,30,330,"2015-04-17","Donation",,,,"donation"
,,,"Crowdfunder","GBP",,50,0,50,380,"2015-04-17","Donation",,,,"donation"
,,,"Crowdfunder","GBP",,20,0,20,400,"2015-04-22","Donation",,,,"donation"
"Paul Robinson","Foundry Press Limited","https://opencorporates.com/companies/gb/02846162",,"GBP",,-975,0,0,400,"2015-04-23","Leaflet printing","82121506","42981","B","campaigning costs"
"Paul Robinson","Staples UK Limited","https://opencorporates.com/companies/gb/02759437",,"GBP",,-16.49,0,0,400,"2015-04-23","Labels for leaflet boxes",55121606,,"B","campaigning costs"
"Paul Robinson","Enterprise Rent a Car","https://opencorporates.com/companies/gb/02946689",,"GBP",,-15,0,0,400,"2015-04-23","Insurance excess for van hire",84131503,,"B","campaigning costs"
,,,,"GBP",,350,,350,750,"2015-04-23","Donation",,,,"donation"
,"KEO PF.it Limited","https://opencorporates.com/companies/gb/07831511",,"GBP",,-45,,-45,705,"2015-04-26","Crowdfunder fees",,93151510,,"fundraising costs"
,"Paul Robinson",,,"GBP",,-705,0,-705,0,"2015-05-07","Reimbursement",,,,
